[[  0.        0.      331.25696 201.4523  321.24878 201.4523  175.37314
  120.65496  95.52442  33.17513   0.        0.        0.        0.
    0.        0.        0.        0.        0.        0.        0.
    0.        0.        0.        0.        0.        0.        0.
    0.        0.        0.        0.      402.32397 232.43474   0.
    0.        0.     ]]
[[404.77777  234.86473  279.35013  194.76982  276.53058  197.19981
  148.95215  130.37494   91.35119   61.727573 293.04968  197.19981
    0.         0.         0.         0.       112.95937   49.5776
  128.46281  -23.169268   0.         0.       127.43324   54.437588
    0.         0.         0.         0.         0.         0.
    0.         0.       379.79633  234.86473    0.         0.
    0.      ]]
[[  0.         0.       258.82605  189.90982  246.49586  197.19981
  117.24569  135.23492   59.398636  61.727573 267.42535  182.61984
    0.         0.         0.         0.       100.420975  49.5776
  133.13611  -15.793517   0.         0.       116.599556  49.5776
  135.57272  -14.564226   0.         0.         0.         0.
    0.         0.         0.         0.         0.         0.
    0.      ]]
